8
12
200 200 200 314 485 314 485 200 428 200 428 257 371 257 371 200 314 200 314 257 257 257 257 200
198 198 198 316 489 316 487 198 426 198 426 255 373 255 373 198 312 198 312 255 259 255 259 198
12
210 405 438 405 324 291 382 232 352 232 352 174 410 116 236 116 294 174 294 232 266 232 324 291
208 407 440 407 326 291 384 230 354 230 354 174 412 114 234 114 292 174 292 230 264 230 322 291
8
266 405 382 405 382 290 440 290 440 232 212 232 212 290 266 290
262 407 386 407 386 294 444 294 444 228 208 228 208 294 262 294
4
300 414 414 300 300 186 186 300
300 416 416 300 300 184 184 300
6
300 414 414 414 300 300 414 186 300 186 186 300
300 416 416 416 304 300 416 184 300 184 184 300
3
140 400 460 400 300 240
138 402 462 402 300 238
8
300 494 414 380 300 380 380 300 300 220 220 300 300 380 186 380
300 496 416 378 302 378 382 300 300 218 218 300 298 378 184 378
11
400 542 514 542 514 200 400 314 457 314 400 371 457 371 400 428 457 428 400 485 457 485
398 544 516 544 516 198 398 316 455 316 398 373 455 373 398 430 455 430 398 487 455 487